{
 "cells": [
  {
   "cell_type": "markdown",
   "metadata": {},
   "source": [
    "# Explore data"
   ]
  },
  {
   "cell_type": "code",
   "execution_count": 1,
   "metadata": {},
   "outputs": [
    {
     "name": "stdout",
     "output_type": "stream",
     "text": [
      "<class 'pandas.core.frame.DataFrame'>\n",
      "RangeIndex: 31984 entries, 0 to 31983\n",
      "Data columns (total 21 columns):\n",
      "10k          31984 non-null object\n",
      "name         31984 non-null object\n",
      "division     31984 non-null int64\n",
      "25k          31984 non-null object\n",
      "gender       31984 non-null object\n",
      "age          31984 non-null int64\n",
      "official     31984 non-null float64\n",
      "bib          31984 non-null object\n",
      "genderdiv    31984 non-null int64\n",
      "ctz          1244 non-null object\n",
      "35k          31984 non-null object\n",
      "overall      31984 non-null int64\n",
      "pace         31984 non-null float64\n",
      "state        29408 non-null object\n",
      "30k          31984 non-null object\n",
      "5k           31984 non-null object\n",
      "half         31984 non-null object\n",
      "20k          31984 non-null object\n",
      "country      31984 non-null object\n",
      "city         31983 non-null object\n",
      "40k          31984 non-null object\n",
      "dtypes: float64(2), int64(4), object(15)\n",
      "memory usage: 5.1+ MB\n"
     ]
    }
   ],
   "source": [
    "import pandas as pd \n",
    "data = pd.read_csv(\"results.csv\")\n",
    "data.info()"
   ]
  },
  {
   "cell_type": "code",
   "execution_count": 2,
   "metadata": {},
   "outputs": [
    {
     "data": {
      "text/html": [
       "<div>\n",
       "<style scoped>\n",
       "    .dataframe tbody tr th:only-of-type {\n",
       "        vertical-align: middle;\n",
       "    }\n",
       "\n",
       "    .dataframe tbody tr th {\n",
       "        vertical-align: top;\n",
       "    }\n",
       "\n",
       "    .dataframe thead th {\n",
       "        text-align: right;\n",
       "    }\n",
       "</style>\n",
       "<table border=\"1\" class=\"dataframe\">\n",
       "  <thead>\n",
       "    <tr style=\"text-align: right;\">\n",
       "      <th></th>\n",
       "      <th>count</th>\n",
       "      <th>mean</th>\n",
       "      <th>std</th>\n",
       "      <th>min</th>\n",
       "      <th>25%</th>\n",
       "      <th>50%</th>\n",
       "      <th>75%</th>\n",
       "      <th>max</th>\n",
       "    </tr>\n",
       "  </thead>\n",
       "  <tbody>\n",
       "    <tr>\n",
       "      <td>division</td>\n",
       "      <td>31984.0</td>\n",
       "      <td>1932.563032</td>\n",
       "      <td>1715.228694</td>\n",
       "      <td>1.00</td>\n",
       "      <td>610.0000</td>\n",
       "      <td>1425.00</td>\n",
       "      <td>2611.000</td>\n",
       "      <td>6979.00</td>\n",
       "    </tr>\n",
       "    <tr>\n",
       "      <td>age</td>\n",
       "      <td>31984.0</td>\n",
       "      <td>42.407079</td>\n",
       "      <td>11.316496</td>\n",
       "      <td>18.00</td>\n",
       "      <td>33.0000</td>\n",
       "      <td>42.00</td>\n",
       "      <td>50.000</td>\n",
       "      <td>81.00</td>\n",
       "    </tr>\n",
       "    <tr>\n",
       "      <td>official</td>\n",
       "      <td>31984.0</td>\n",
       "      <td>242.997314</td>\n",
       "      <td>52.300431</td>\n",
       "      <td>80.60</td>\n",
       "      <td>205.5275</td>\n",
       "      <td>232.37</td>\n",
       "      <td>273.235</td>\n",
       "      <td>538.88</td>\n",
       "    </tr>\n",
       "    <tr>\n",
       "      <td>genderdiv</td>\n",
       "      <td>31984.0</td>\n",
       "      <td>8051.044741</td>\n",
       "      <td>4754.005626</td>\n",
       "      <td>1.00</td>\n",
       "      <td>3972.0000</td>\n",
       "      <td>7970.00</td>\n",
       "      <td>11968.000</td>\n",
       "      <td>17575.00</td>\n",
       "    </tr>\n",
       "    <tr>\n",
       "      <td>overall</td>\n",
       "      <td>31984.0</td>\n",
       "      <td>15939.587825</td>\n",
       "      <td>9232.978224</td>\n",
       "      <td>1.00</td>\n",
       "      <td>7943.7500</td>\n",
       "      <td>15939.50</td>\n",
       "      <td>23935.250</td>\n",
       "      <td>31931.00</td>\n",
       "    </tr>\n",
       "    <tr>\n",
       "      <td>pace</td>\n",
       "      <td>31984.0</td>\n",
       "      <td>9.275658</td>\n",
       "      <td>1.992486</td>\n",
       "      <td>3.08</td>\n",
       "      <td>7.8500</td>\n",
       "      <td>8.87</td>\n",
       "      <td>10.430</td>\n",
       "      <td>20.57</td>\n",
       "    </tr>\n",
       "  </tbody>\n",
       "</table>\n",
       "</div>"
      ],
      "text/plain": [
       "             count          mean          std    min        25%       50%  \\\n",
       "division   31984.0   1932.563032  1715.228694   1.00   610.0000   1425.00   \n",
       "age        31984.0     42.407079    11.316496  18.00    33.0000     42.00   \n",
       "official   31984.0    242.997314    52.300431  80.60   205.5275    232.37   \n",
       "genderdiv  31984.0   8051.044741  4754.005626   1.00  3972.0000   7970.00   \n",
       "overall    31984.0  15939.587825  9232.978224   1.00  7943.7500  15939.50   \n",
       "pace       31984.0      9.275658     1.992486   3.08     7.8500      8.87   \n",
       "\n",
       "                 75%       max  \n",
       "division    2611.000   6979.00  \n",
       "age           50.000     81.00  \n",
       "official     273.235    538.88  \n",
       "genderdiv  11968.000  17575.00  \n",
       "overall    23935.250  31931.00  \n",
       "pace          10.430     20.57  "
      ]
     },
     "execution_count": 2,
     "metadata": {},
     "output_type": "execute_result"
    }
   ],
   "source": [
    "data.describe().T"
   ]
  },
  {
   "cell_type": "code",
   "execution_count": 9,
   "metadata": {},
   "outputs": [
    {
     "data": {
      "application/vnd.plotly.v1+json": {
       "config": {
        "plotlyServerURL": "https://plot.ly"
       },
       "data": [
        {
         "colorbar": {
          "thickness": 20,
          "ticklen": 3
         },
         "colorscale": [
          [
           0,
           "#3f7f93"
          ],
          [
           0.071,
           "#5890a1"
          ],
          [
           0.143,
           "#72a1b0"
          ],
          [
           0.214,
           "#8cb3bf"
          ],
          [
           0.286,
           "#a7c5cf"
          ],
          [
           0.357,
           "#c0d6dd"
          ],
          [
           0.429,
           "#dae8ec"
          ],
          [
           0.5,
           "#f2f2f2"
          ],
          [
           0.571,
           "#f7d7d9"
          ],
          [
           0.643,
           "#f2bcc0"
          ],
          [
           0.714,
           "#eda3a9"
          ],
          [
           0.786,
           "#e8888f"
          ],
          [
           0.857,
           "#e36e76"
          ],
          [
           0.929,
           "#de535e"
          ],
          [
           1,
           "#d93a46"
          ]
         ],
         "hoverinfo": "text",
         "hovertext": [
          "division",
          "gender",
          "age",
          "official",
          "genderdiv",
          "overall",
          "pace",
          "country",
          "city"
         ],
         "type": "heatmap",
         "x": [
          "division",
          "gender",
          "age",
          "official",
          "genderdiv",
          "overall",
          "pace",
          "country",
          "city"
         ],
         "xgap": 1,
         "y": [
          "division",
          "gender",
          "age",
          "official",
          "genderdiv",
          "overall",
          "pace",
          "country",
          "city"
         ],
         "ygap": 1,
         "z": [
          [
           1,
           -0.12578619625902415,
           -0.5772558911808906,
           0.5153684296366087,
           0.4707522976278253,
           0.5144932604096305,
           0.5156326754474693,
           0.1462558695427065,
           0.06937531206118239
          ],
          [
           -0.12578619625902415,
           1,
           0.2088023593448092,
           -0.20440207871455288,
           0.16679254949234248,
           -0.2466340292716454,
           -0.2047133811460501,
           -0.07479508617774741,
           -0.019735254216717815
          ],
          [
           -0.5772558911808906,
           0.2088023593448092,
           1,
           0.16643965044746928,
           0.3068287773871898,
           0.20112919589095055,
           0.16659262033699113,
           -0.14618792945362705,
           -0.0621865820520234
          ],
          [
           0.5153684296366087,
           -0.20440207871455288,
           0.16643965044746928,
           1,
           0.8783603006298515,
           0.9542325514333218,
           0.9998970407980162,
           0.09052088397547,
           0.024325985643821522
          ],
          [
           0.4707522976278253,
           0.16679254949234248,
           0.3068287773871898,
           0.8783603006298515,
           1,
           0.9092055331043007,
           0.8787886700930575,
           0.047941158756757855,
           0.015924068174141853
          ],
          [
           0.5144932604096305,
           -0.2466340292716454,
           0.20112919589095055,
           0.9542325514333218,
           0.9092055331043007,
           1,
           0.954765434861079,
           0.0832293459130684,
           0.02484300380428677
          ],
          [
           0.5156326754474693,
           -0.2047133811460501,
           0.16659262033699113,
           0.9998970407980162,
           0.8787886700930575,
           0.954765434861079,
           1,
           0.09051177514612357,
           0.024350356190745538
          ],
          [
           0.1462558695427065,
           -0.07479508617774741,
           -0.14618792945362705,
           0.09052088397547,
           0.047941158756757855,
           0.0832293459130684,
           0.09051177514612357,
           1,
           0.026606931282438392
          ],
          [
           0.06937531206118239,
           -0.019735254216717815,
           -0.0621865820520234,
           0.024325985643821522,
           0.015924068174141853,
           0.02484300380428677,
           0.024350356190745538,
           0.026606931282438392,
           1
          ]
         ]
        }
       ],
       "layout": {
        "height": 600,
        "template": {
         "data": {
          "bar": [
           {
            "error_x": {
             "color": "#2a3f5f"
            },
            "error_y": {
             "color": "#2a3f5f"
            },
            "marker": {
             "line": {
              "color": "#E5ECF6",
              "width": 0.5
             }
            },
            "type": "bar"
           }
          ],
          "barpolar": [
           {
            "marker": {
             "line": {
              "color": "#E5ECF6",
              "width": 0.5
             }
            },
            "type": "barpolar"
           }
          ],
          "carpet": [
           {
            "aaxis": {
             "endlinecolor": "#2a3f5f",
             "gridcolor": "white",
             "linecolor": "white",
             "minorgridcolor": "white",
             "startlinecolor": "#2a3f5f"
            },
            "baxis": {
             "endlinecolor": "#2a3f5f",
             "gridcolor": "white",
             "linecolor": "white",
             "minorgridcolor": "white",
             "startlinecolor": "#2a3f5f"
            },
            "type": "carpet"
           }
          ],
          "choropleth": [
           {
            "colorbar": {
             "outlinewidth": 0,
             "ticks": ""
            },
            "type": "choropleth"
           }
          ],
          "contour": [
           {
            "colorbar": {
             "outlinewidth": 0,
             "ticks": ""
            },
            "colorscale": [
             [
              0,
              "#0d0887"
             ],
             [
              0.1111111111111111,
              "#46039f"
             ],
             [
              0.2222222222222222,
              "#7201a8"
             ],
             [
              0.3333333333333333,
              "#9c179e"
             ],
             [
              0.4444444444444444,
              "#bd3786"
             ],
             [
              0.5555555555555556,
              "#d8576b"
             ],
             [
              0.6666666666666666,
              "#ed7953"
             ],
             [
              0.7777777777777778,
              "#fb9f3a"
             ],
             [
              0.8888888888888888,
              "#fdca26"
             ],
             [
              1,
              "#f0f921"
             ]
            ],
            "type": "contour"
           }
          ],
          "contourcarpet": [
           {
            "colorbar": {
             "outlinewidth": 0,
             "ticks": ""
            },
            "type": "contourcarpet"
           }
          ],
          "heatmap": [
           {
            "colorbar": {
             "outlinewidth": 0,
             "ticks": ""
            },
            "colorscale": [
             [
              0,
              "#0d0887"
             ],
             [
              0.1111111111111111,
              "#46039f"
             ],
             [
              0.2222222222222222,
              "#7201a8"
             ],
             [
              0.3333333333333333,
              "#9c179e"
             ],
             [
              0.4444444444444444,
              "#bd3786"
             ],
             [
              0.5555555555555556,
              "#d8576b"
             ],
             [
              0.6666666666666666,
              "#ed7953"
             ],
             [
              0.7777777777777778,
              "#fb9f3a"
             ],
             [
              0.8888888888888888,
              "#fdca26"
             ],
             [
              1,
              "#f0f921"
             ]
            ],
            "type": "heatmap"
           }
          ],
          "heatmapgl": [
           {
            "colorbar": {
             "outlinewidth": 0,
             "ticks": ""
            },
            "colorscale": [
             [
              0,
              "#0d0887"
             ],
             [
              0.1111111111111111,
              "#46039f"
             ],
             [
              0.2222222222222222,
              "#7201a8"
             ],
             [
              0.3333333333333333,
              "#9c179e"
             ],
             [
              0.4444444444444444,
              "#bd3786"
             ],
             [
              0.5555555555555556,
              "#d8576b"
             ],
             [
              0.6666666666666666,
              "#ed7953"
             ],
             [
              0.7777777777777778,
              "#fb9f3a"
             ],
             [
              0.8888888888888888,
              "#fdca26"
             ],
             [
              1,
              "#f0f921"
             ]
            ],
            "type": "heatmapgl"
           }
          ],
          "histogram": [
           {
            "marker": {
             "colorbar": {
              "outlinewidth": 0,
              "ticks": ""
             }
            },
            "type": "histogram"
           }
          ],
          "histogram2d": [
           {
            "colorbar": {
             "outlinewidth": 0,
             "ticks": ""
            },
            "colorscale": [
             [
              0,
              "#0d0887"
             ],
             [
              0.1111111111111111,
              "#46039f"
             ],
             [
              0.2222222222222222,
              "#7201a8"
             ],
             [
              0.3333333333333333,
              "#9c179e"
             ],
             [
              0.4444444444444444,
              "#bd3786"
             ],
             [
              0.5555555555555556,
              "#d8576b"
             ],
             [
              0.6666666666666666,
              "#ed7953"
             ],
             [
              0.7777777777777778,
              "#fb9f3a"
             ],
             [
              0.8888888888888888,
              "#fdca26"
             ],
             [
              1,
              "#f0f921"
             ]
            ],
            "type": "histogram2d"
           }
          ],
          "histogram2dcontour": [
           {
            "colorbar": {
             "outlinewidth": 0,
             "ticks": ""
            },
            "colorscale": [
             [
              0,
              "#0d0887"
             ],
             [
              0.1111111111111111,
              "#46039f"
             ],
             [
              0.2222222222222222,
              "#7201a8"
             ],
             [
              0.3333333333333333,
              "#9c179e"
             ],
             [
              0.4444444444444444,
              "#bd3786"
             ],
             [
              0.5555555555555556,
              "#d8576b"
             ],
             [
              0.6666666666666666,
              "#ed7953"
             ],
             [
              0.7777777777777778,
              "#fb9f3a"
             ],
             [
              0.8888888888888888,
              "#fdca26"
             ],
             [
              1,
              "#f0f921"
             ]
            ],
            "type": "histogram2dcontour"
           }
          ],
          "mesh3d": [
           {
            "colorbar": {
             "outlinewidth": 0,
             "ticks": ""
            },
            "type": "mesh3d"
           }
          ],
          "parcoords": [
           {
            "line": {
             "colorbar": {
              "outlinewidth": 0,
              "ticks": ""
             }
            },
            "type": "parcoords"
           }
          ],
          "pie": [
           {
            "automargin": true,
            "type": "pie"
           }
          ],
          "scatter": [
           {
            "marker": {
             "colorbar": {
              "outlinewidth": 0,
              "ticks": ""
             }
            },
            "type": "scatter"
           }
          ],
          "scatter3d": [
           {
            "line": {
             "colorbar": {
              "outlinewidth": 0,
              "ticks": ""
             }
            },
            "marker": {
             "colorbar": {
              "outlinewidth": 0,
              "ticks": ""
             }
            },
            "type": "scatter3d"
           }
          ],
          "scattercarpet": [
           {
            "marker": {
             "colorbar": {
              "outlinewidth": 0,
              "ticks": ""
             }
            },
            "type": "scattercarpet"
           }
          ],
          "scattergeo": [
           {
            "marker": {
             "colorbar": {
              "outlinewidth": 0,
              "ticks": ""
             }
            },
            "type": "scattergeo"
           }
          ],
          "scattergl": [
           {
            "marker": {
             "colorbar": {
              "outlinewidth": 0,
              "ticks": ""
             }
            },
            "type": "scattergl"
           }
          ],
          "scattermapbox": [
           {
            "marker": {
             "colorbar": {
              "outlinewidth": 0,
              "ticks": ""
             }
            },
            "type": "scattermapbox"
           }
          ],
          "scatterpolar": [
           {
            "marker": {
             "colorbar": {
              "outlinewidth": 0,
              "ticks": ""
             }
            },
            "type": "scatterpolar"
           }
          ],
          "scatterpolargl": [
           {
            "marker": {
             "colorbar": {
              "outlinewidth": 0,
              "ticks": ""
             }
            },
            "type": "scatterpolargl"
           }
          ],
          "scatterternary": [
           {
            "marker": {
             "colorbar": {
              "outlinewidth": 0,
              "ticks": ""
             }
            },
            "type": "scatterternary"
           }
          ],
          "surface": [
           {
            "colorbar": {
             "outlinewidth": 0,
             "ticks": ""
            },
            "colorscale": [
             [
              0,
              "#0d0887"
             ],
             [
              0.1111111111111111,
              "#46039f"
             ],
             [
              0.2222222222222222,
              "#7201a8"
             ],
             [
              0.3333333333333333,
              "#9c179e"
             ],
             [
              0.4444444444444444,
              "#bd3786"
             ],
             [
              0.5555555555555556,
              "#d8576b"
             ],
             [
              0.6666666666666666,
              "#ed7953"
             ],
             [
              0.7777777777777778,
              "#fb9f3a"
             ],
             [
              0.8888888888888888,
              "#fdca26"
             ],
             [
              1,
              "#f0f921"
             ]
            ],
            "type": "surface"
           }
          ],
          "table": [
           {
            "cells": {
             "fill": {
              "color": "#EBF0F8"
             },
             "line": {
              "color": "white"
             }
            },
            "header": {
             "fill": {
              "color": "#C8D4E3"
             },
             "line": {
              "color": "white"
             }
            },
            "type": "table"
           }
          ]
         },
         "layout": {
          "annotationdefaults": {
           "arrowcolor": "#2a3f5f",
           "arrowhead": 0,
           "arrowwidth": 1
          },
          "coloraxis": {
           "colorbar": {
            "outlinewidth": 0,
            "ticks": ""
           }
          },
          "colorscale": {
           "diverging": [
            [
             0,
             "#8e0152"
            ],
            [
             0.1,
             "#c51b7d"
            ],
            [
             0.2,
             "#de77ae"
            ],
            [
             0.3,
             "#f1b6da"
            ],
            [
             0.4,
             "#fde0ef"
            ],
            [
             0.5,
             "#f7f7f7"
            ],
            [
             0.6,
             "#e6f5d0"
            ],
            [
             0.7,
             "#b8e186"
            ],
            [
             0.8,
             "#7fbc41"
            ],
            [
             0.9,
             "#4d9221"
            ],
            [
             1,
             "#276419"
            ]
           ],
           "sequential": [
            [
             0,
             "#0d0887"
            ],
            [
             0.1111111111111111,
             "#46039f"
            ],
            [
             0.2222222222222222,
             "#7201a8"
            ],
            [
             0.3333333333333333,
             "#9c179e"
            ],
            [
             0.4444444444444444,
             "#bd3786"
            ],
            [
             0.5555555555555556,
             "#d8576b"
            ],
            [
             0.6666666666666666,
             "#ed7953"
            ],
            [
             0.7777777777777778,
             "#fb9f3a"
            ],
            [
             0.8888888888888888,
             "#fdca26"
            ],
            [
             1,
             "#f0f921"
            ]
           ],
           "sequentialminus": [
            [
             0,
             "#0d0887"
            ],
            [
             0.1111111111111111,
             "#46039f"
            ],
            [
             0.2222222222222222,
             "#7201a8"
            ],
            [
             0.3333333333333333,
             "#9c179e"
            ],
            [
             0.4444444444444444,
             "#bd3786"
            ],
            [
             0.5555555555555556,
             "#d8576b"
            ],
            [
             0.6666666666666666,
             "#ed7953"
            ],
            [
             0.7777777777777778,
             "#fb9f3a"
            ],
            [
             0.8888888888888888,
             "#fdca26"
            ],
            [
             1,
             "#f0f921"
            ]
           ]
          },
          "colorway": [
           "#636efa",
           "#EF553B",
           "#00cc96",
           "#ab63fa",
           "#FFA15A",
           "#19d3f3",
           "#FF6692",
           "#B6E880",
           "#FF97FF",
           "#FECB52"
          ],
          "font": {
           "color": "#2a3f5f"
          },
          "geo": {
           "bgcolor": "white",
           "lakecolor": "white",
           "landcolor": "#E5ECF6",
           "showlakes": true,
           "showland": true,
           "subunitcolor": "white"
          },
          "hoverlabel": {
           "align": "left"
          },
          "hovermode": "closest",
          "mapbox": {
           "style": "light"
          },
          "paper_bgcolor": "white",
          "plot_bgcolor": "#E5ECF6",
          "polar": {
           "angularaxis": {
            "gridcolor": "white",
            "linecolor": "white",
            "ticks": ""
           },
           "bgcolor": "#E5ECF6",
           "radialaxis": {
            "gridcolor": "white",
            "linecolor": "white",
            "ticks": ""
           }
          },
          "scene": {
           "xaxis": {
            "backgroundcolor": "#E5ECF6",
            "gridcolor": "white",
            "gridwidth": 2,
            "linecolor": "white",
            "showbackground": true,
            "ticks": "",
            "zerolinecolor": "white"
           },
           "yaxis": {
            "backgroundcolor": "#E5ECF6",
            "gridcolor": "white",
            "gridwidth": 2,
            "linecolor": "white",
            "showbackground": true,
            "ticks": "",
            "zerolinecolor": "white"
           },
           "zaxis": {
            "backgroundcolor": "#E5ECF6",
            "gridcolor": "white",
            "gridwidth": 2,
            "linecolor": "white",
            "showbackground": true,
            "ticks": "",
            "zerolinecolor": "white"
           }
          },
          "shapedefaults": {
           "line": {
            "color": "#2a3f5f"
           }
          },
          "ternary": {
           "aaxis": {
            "gridcolor": "white",
            "linecolor": "white",
            "ticks": ""
           },
           "baxis": {
            "gridcolor": "white",
            "linecolor": "white",
            "ticks": ""
           },
           "bgcolor": "#E5ECF6",
           "caxis": {
            "gridcolor": "white",
            "linecolor": "white",
            "ticks": ""
           }
          },
          "title": {
           "x": 0.05
          },
          "xaxis": {
           "automargin": true,
           "gridcolor": "white",
           "linecolor": "white",
           "ticks": "",
           "title": {
            "standoff": 15
           },
           "zerolinecolor": "white",
           "zerolinewidth": 2
          },
          "yaxis": {
           "automargin": true,
           "gridcolor": "white",
           "linecolor": "white",
           "ticks": "",
           "title": {
            "standoff": 15
           },
           "zerolinecolor": "white",
           "zerolinewidth": 2
          }
         }
        },
        "title": {
         "text": "Correlation Matrix",
         "x": 0.5
        },
        "width": 600,
        "xaxis": {
         "showgrid": false
        },
        "yaxis": {
         "autorange": "reversed",
         "showgrid": false
        }
       }
      },
      "text/html": [
       "<div>\n",
       "        \n",
       "        \n",
       "            <div id=\"d70921b0-796f-48b9-9b70-984a41d78ab0\" class=\"plotly-graph-div\" style=\"height:600px; width:600px;\"></div>\n",
       "            <script type=\"text/javascript\">\n",
       "                require([\"plotly\"], function(Plotly) {\n",
       "                    window.PLOTLYENV=window.PLOTLYENV || {};\n",
       "                    \n",
       "                if (document.getElementById(\"d70921b0-796f-48b9-9b70-984a41d78ab0\")) {\n",
       "                    Plotly.newPlot(\n",
       "                        'd70921b0-796f-48b9-9b70-984a41d78ab0',\n",
       "                        [{\"colorbar\": {\"thickness\": 20, \"ticklen\": 3}, \"colorscale\": [[0.0, \"#3f7f93\"], [0.071, \"#5890a1\"], [0.143, \"#72a1b0\"], [0.214, \"#8cb3bf\"], [0.286, \"#a7c5cf\"], [0.357, \"#c0d6dd\"], [0.429, \"#dae8ec\"], [0.5, \"#f2f2f2\"], [0.571, \"#f7d7d9\"], [0.643, \"#f2bcc0\"], [0.714, \"#eda3a9\"], [0.786, \"#e8888f\"], [0.857, \"#e36e76\"], [0.929, \"#de535e\"], [1.0, \"#d93a46\"]], \"hoverinfo\": \"text\", \"hovertext\": [\"division\", \"gender\", \"age\", \"official\", \"genderdiv\", \"overall\", \"pace\", \"country\", \"city\"], \"type\": \"heatmap\", \"x\": [\"division\", \"gender\", \"age\", \"official\", \"genderdiv\", \"overall\", \"pace\", \"country\", \"city\"], \"xgap\": 1, \"y\": [\"division\", \"gender\", \"age\", \"official\", \"genderdiv\", \"overall\", \"pace\", \"country\", \"city\"], \"ygap\": 1, \"z\": [[1.0, -0.12578619625902415, -0.5772558911808906, 0.5153684296366087, 0.4707522976278253, 0.5144932604096305, 0.5156326754474693, 0.1462558695427065, 0.06937531206118239], [-0.12578619625902415, 1.0, 0.2088023593448092, -0.20440207871455288, 0.16679254949234248, -0.2466340292716454, -0.2047133811460501, -0.07479508617774741, -0.019735254216717815], [-0.5772558911808906, 0.2088023593448092, 1.0, 0.16643965044746928, 0.3068287773871898, 0.20112919589095055, 0.16659262033699113, -0.14618792945362705, -0.0621865820520234], [0.5153684296366087, -0.20440207871455288, 0.16643965044746928, 1.0, 0.8783603006298515, 0.9542325514333218, 0.9998970407980162, 0.09052088397547, 0.024325985643821522], [0.4707522976278253, 0.16679254949234248, 0.3068287773871898, 0.8783603006298515, 1.0, 0.9092055331043007, 0.8787886700930575, 0.047941158756757855, 0.015924068174141853], [0.5144932604096305, -0.2466340292716454, 0.20112919589095055, 0.9542325514333218, 0.9092055331043007, 1.0, 0.954765434861079, 0.0832293459130684, 0.02484300380428677], [0.5156326754474693, -0.2047133811460501, 0.16659262033699113, 0.9998970407980162, 0.8787886700930575, 0.954765434861079, 1.0, 0.09051177514612357, 0.024350356190745538], [0.1462558695427065, -0.07479508617774741, -0.14618792945362705, 0.09052088397547, 0.047941158756757855, 0.0832293459130684, 0.09051177514612357, 1.0, 0.026606931282438392], [0.06937531206118239, -0.019735254216717815, -0.0621865820520234, 0.024325985643821522, 0.015924068174141853, 0.02484300380428677, 0.024350356190745538, 0.026606931282438392, 1.0]]}],\n",
